-3.913786999393920880e+06
6.632652944930741796e+02
-1.987009485584567301e+02
-4.645643459346174495e+02
-1.596598566949469387e+02
8.526786198620175128e+01
-3.576019068860841799e+01
-4.950767129759333329e+01
3.479905595122545492e+01
-1.365409323423227761e+01
-2.114496271699317731e+01
9.246604162239236757e+00
-4.103801868692244170e+00
-5.142802293546992587e+00
4.978163503863470396e+00
-1.838543740632303525e+00
-3.139619763231166871e+00
7.123966889739676844e-01
-4.056825967672921252e-01
-3.067140922066755593e-01
8.591968377877492458e-01
-2.826847948890645057e-01
-5.765120428986847401e-01
-1.298215016140602529e-02
3.735347406945948023e-01
-1.158439457831264008e-01
-2.576907949114684016e-01
-6.035466166576952673e-02
8.778201596578583121e-02
-3.060408268356695771e-02
-5.717793328221887350e-02
3.031897787877824157e-03
-4.329558581957826391e-03
-1.139840416726656258e-03
