9.999591877707058041e-01
2.414342900965329719e-01
7.441349111123571891e-01
9.995177385100689760e-01
4.190079544506284948e-01
9.984463969399048899e-01
3.915029718316041518e-01
9.963700424170170988e-01
4.401502266111445572e-01
9.852418863370840940e-01
3.636936822394630786e-01
9.760512214715499901e-01
5.138919901848504335e-01
7.992569554158427403e-01
3.019388982141908984e-01
8.821279081094951513e-01
1.685228578953900658e-01
2.647331898009011031e-01
8.009197324365100457e-01
9.422642028797573177e-01
3.345434046979150478e-01
9.392513451678424774e-01
6.433186584514771766e-01
4.748387882968442275e-01
