1.597368916463092319e+02
6.243012375809266814e+02
1.597368916463092319e+02
7.703495136229321361e-02
4.958470624895562651e+01
7.703495136229321361e-02
2.122199766835547052e+01
7.703495136229321361e-02
5.219837244909285801e+00
7.703495136229321361e-02
3.216654714593460085e+00
7.703495136229321361e-02
3.837490435689687729e-01
7.703495136229321361e-02
6.535469942609779537e-01
7.703495136229321361e-02
6.405280120088718832e-02
3.217435961123555899e-01
6.405280120088718832e-02
3.698139535117661580e-03
6.087607281733653508e-02
3.698139535117661580e-03
2.400478741037659347e-03
1.260638324311003089e-03
