7.939960101075110026e+06
3.913946736285567284e+06
1.597368916463092319e+02
8.230021861393834115e+02
6.243012375809266814e+02
1.597368916463092319e+02
7.703495136229321361e-02
8.534489693756404449e+01
4.958470624895562651e+01
7.703495136229321361e-02
3.487609090258774813e+01
2.122199766835547052e+01
7.703495136229321361e-02
9.323639113601529971e+00
5.219837244909285801e+00
7.703495136229321361e-02
5.055198455225763610e+00
3.216654714593460085e+00
7.703495136229321361e-02
7.894316403362608980e-01
3.837490435689687729e-01
7.703495136229321361e-02
9.362317891500424594e-01
6.535469942609779537e-01
7.703495136229321361e-02
6.405280120088718832e-02
4.375875418954819907e-01
3.217435961123555899e-01
6.405280120088718832e-02
3.698139535117661580e-03
9.148015550090349279e-02
6.087607281733653508e-02
3.698139535117661580e-03
6.730037322995485738e-03
2.400478741037659347e-03
1.260638324311003089e-03
