1.000000000000000000e+00
7.321000000000000000e+03
2.532100000000000000e+04
2.547484615384615245e+04
2.543934319526627223e+04
2.532100000000000000e+04
2.520265680473372777e+04
2.511162357760582745e+04
2.513263124540457284e+04
2.520265680473372777e+04
2.525652261960231044e+04
2.524409204694032815e+04
2.520265680473372777e+04
2.517078354149787992e+04
2.517813890993692257e+04
2.520265680473372777e+04
2.522151672380819218e+04
2.521716443479100781e+04
2.520265680473372777e+04
2.519149708930504858e+04
2.519407240825012923e+04
2.520265680473372777e+04
2.520926018664418734e+04
2.520773632928023653e+04
2.520265680473372777e+04
2.519757728018721900e+04
2.519366995361298177e+04
2.519457164436088351e+04
2.519757728018721900e+04
2.520058291601355450e+04
2.520289494357227522e+04
2.520236139875103254e+04
2.520058291601355450e+04
2.519921485236934313e+04
2.519953055936416058e+04
2.520034006447907814e+04
