1.800000000000000000e+04
1.538461538461538396e+02
1.183431952662721756e+02
1.183431952662721756e+02
1.183431952662721756e+02
9.103322712790166804e+01
7.002555932915512926e+01
7.002555932915512926e+01
5.386581486858086976e+01
4.143524220660066959e+01
4.143524220660066959e+01
3.187326323584666810e+01
2.451789479680512684e+01
2.451789479680512684e+01
1.885991907446548055e+01
1.450763005728113875e+01
1.450763005728113875e+01
1.115971542867779931e+01
8.584396483598306204e+00
8.584396483598306204e+00
6.603381910460234927e+00
5.079524546507872884e+00
5.079524546507872884e+00
5.079524546507872884e+00
3.907326574236825056e+00
3.005635826336019001e+00
3.005635826336019001e+00
3.005635826336019001e+00
2.312027558720014753e+00
1.778482737476934306e+00
1.778482737476934306e+00
1.368063644213026286e+00
1.052356649394635468e+00
8.095051149189503858e-01
